10,161
10,275
10,173
10,291
10,249
10,35
10,169
10,2
10,3
11,21
11,6
11,9
11,12
11,15
11,13
11,2
11,3
9,5
9,7
9,2
9,3
8,7
8,9
8,12
8,2
8,3
0,516
259,590
259,589
259,588
259,587
259,586
259,585
259,584
259,583
259,582
259,581
259,580
259,579
259,578
259,577
259,576
259,575
259,574
259,573
259,572
259,571
259,570
259,569
259,568
259,567
259,566
259,565
259,564
259,563
259,562
259,561
259,560
259,559
259,558
259,557
259,556
259,555
259,554
259,553
259,552
259,551
259,550
259,549
259,548
259,547
259,546
259,545
259,544
259,543
259,542
259,541
259,540
14,1
259,539
14,6
259,538
14,3
259,537
13,1
259,536
13,3
259,535
259,534
259,533
259,532
259,531
259,530
259,529
259,528
259,527
259,526
259,525
259,524
259,523
259,522
259,521
259,520
259,519
259,518
259,517
259,516
259,515
259,514
259,513
259,1
20,3
